20
4.36 -3.17 -6.67
4.36 3.17 -6.67
-1.67 5.13 -6.67
-5.39 0.0 -6.67
-1.67 -5.13 -6.67
1.67 5.13 6.67
-4.36 3.17 6.67
-4.36 -3.17 6.67
1.67 -5.13 6.67
5.39 0.0 6.67
8.73 0.0 1.67
7.06 5.13 -1.67
2.7 8.3 1.67
-2.7 8.3 -1.67
-7.06 5.13 1.67
-8.73 0.0 -1.67
-7.06 -5.13 1.67
-2.7 -8.3 -1.67
2.7 -8.3 1.67
7.06 -5.13 -1.67

60
0 19
0 1
0 4
1 11
1 0
1 2
2 13
2 3
2 1
3 15
3 2
3 4
4 17
4 3
4 0
5 12
5 9
5 6
6 14
6 7
6 5
7 16
7 6
7 8
8 18
8 9
8 7
9 10
9 5
9 8
10 9
10 11
10 19
11 1
11 12
11 10
12 5
12 11
12 13
13 2
13 14
13 12
14 6
14 13
14 15
15 3
15 14
15 16
16 7
16 17
16 15
17 4
17 16
17 18
18 8
18 19
18 17
19 0
19 18
19 10
